5.4292
7.1833
2.1693
5.5287
4.7932
4.3962

4.8241
4.7415
3.1405
1.5536
4.5736
4.9862
4.7904
6.5038
3.2200

7.0373
1.3599
5.0072
2.8890
5.6780
8.7868
4.8623
5.9680
4.0447

0.7395
8.5711
5.0050
3.1920
7.1861
5.3842
3.9388
2.3193
11.2294

1.9689
2.0748
1.4386
3.2844
1.2194
5.5551
2.0200
3.3554
3.0944

4.4282
4.8672
3.1148
3.3001
5.1362
4.5484
5.4271
5.0878
6.1057

2.6668
3.6127
3.5866
5.2275
0.9337
4.9604
5.4063
4.9053
7.5496

2.3309
1.5241
10.7753
5.7311
3.8296
5.0508
6.4112
5.4643
2.1180

6.9855
5.2543
6.7788
2.6848
6.3090
2.6123
10.1489
5.2287

2.4060
1.6784
4.9375
6.0740
3.5254
7.5288
6.7892

2.5880
4.7753
1.8155
4.9376
1.9890
1.9004

4.7231
6.6751
4.9959
5.6813

8.0126
6.7856
12.1940
9.3988
3.7748

5.6701
3.8333
6.0872
3.5132
9.5628
3.5249
1.3989

3.1081
8.8244
1.9588
7.5526
3.4424
4.1422
2.5044
4.0159

5.5620
5.4803
7.3125
3.7209
5.3527
5.4299
2.7728
3.1091
1.1621

1.9630
8.7916
3.8650
3.2028
1.0111
0.3771
7.5153
4.6286
3.9003

7.1977
2.5783
0.1544
2.2046
5.1697
3.1515
1.3031
5.3565

3.9334
5.4443
4.1954
1.8677
2.6067
5.5141
5.8226

2.8564
9.1554
5.6593
1.6698
6.7153
8.1757
4.2724

5.2107
7.3044
4.5315
6.5741
5.9953
5.3968
2.9862

2.1528
7.0007
0.2698
4.7064
3.4516
7.3324
3.3874
1.3435
3.8857

0.4187
2.4696
6.2683
2.9019
5.9558
7.4768
1.0274

2.9402
5.7860
3.0323
5.4850
2.6104
5.9167

1.0929
2.7046
3.5055
3.5156
0.5437
3.6873
1.4856

1.7377
7.9787
5.6943
4.5123
6.6704
3.9514
1.6712
1.1249

4.8333
8.7564
5.8621
3.2439
3.2314
7.7962
1.6473

5.5902
9.1882
1.6369
4.0684
2.3852
5.2542
0.7600

8.1394
10.3178
5.1382
0.9280
5.0975
3.2455
4.6228

4.2386
4.6179
2.1829
3.6007
2.2354
4.0273
4.0662

0.9864
3.5865
4.6098
2.1452
7.6348
4.8246
4.3665

7.2101
5.3887
6.5424
4.1117
5.5183
1.2104
4.0096

0.6009
4.0994
3.4073
5.9827
4.4132
6.4207
6.5365

8.1286
3.7818
2.4477
5.5675
1.2487
4.5391
3.4338

6.6397
4.2426
6.4712
11.3962
9.3180
3.8157
5.5966

3.3562
3.3452
8.9526
5.5836
0.9808
1.9732
5.8407

4.6067
5.4007
5.0640
6.8905
1.4421
5.4098
5.9139

6.0026
7.4741
3.0018
4.8610
1.3875
4.2980
5.8819

8.4991
1.7803
3.5153
4.9304
2.5174
5.2123

9.9365
2.6367
6.9462

6.6485
1.9569
5.4361
5.5367

6.5503
5.2095
0.3159
4.6952
2.6562

4.6847
8.8971
5.3429
7.0547
4.0362

6.1817
2.8747
4.5349
0.8311

8.9130
8.7998
7.3033
0.8470
5.4482

2.7230
1.7059
7.2422
6.3638

6.1722
5.0834
2.0965

4.1723
4.7822
6.0095
2.8633

3.8728
4.7580
11.0130

3.7864
6.4139

5.9781
1.7855
1.1221
4.3467

1.6267
7.4760
3.9677
6.7588

5.1329
12.2644

3.5028
8.0773
0.5251

3.1907
4.9966
3.3252

1.7509
1.7313
7.1132

1.5657
3.1205
1.7067
3.4576
7.0716

3.3339
8.2341
4.2614

5.4531
3.6695
5.5879
1.9792

5.8426
5.9785
3.7227
3.5200
2.4906
8.2198

3.5468
5.4674
1.8040
4.0411
5.3505

7.0159
5.4240
8.3700
2.2054
8.4401

1.4721
4.9110
2.6803
4.8785
0.8989

5.2409
4.3859
6.0762
1.9973
10.3156

5.3006
4.2976
4.2964
2.3441

5.8470
5.8532
5.4762
2.2345

3.9908
2.5376
7.8706
2.8383

0.4504
11.0401
2.6337
5.2075

3.4713
2.5468
4.6917

10.3724
5.0155

3.5715
4.4721
5.4880

6.5908
4.4169
2.3298

3.0689
5.2405
9.9042

5.0497
7.6336
2.2427

1.9161
2.0132
5.0503
9.3164
3.8618

12.7768
4.9948
5.9966
4.4692
6.1757
4.5317

2.4890
7.0293
3.7211
1.2225
5.6129
2.5534

8.3500
4.7133
5.6445
10.6301
2.3112

5.0073
8.3709
1.6134
4.8886
3.2032

6.4802
5.8890
6.1064
3.1147
1.3350
6.6508

2.7112
6.0307
7.6162
7.3932
3.3424
1.4468

2.3437
3.9291
2.7345
3.1143
4.7741
4.8094
3.4110
2.0092

3.1332
7.8510
2.7809
4.4725
8.9723
0.8446

5.7837
6.0895
4.0155
2.3306
6.4691
6.0668
2.6902

8.9443
4.0696
3.6661
4.2376
4.7154
0.8653
4.4539

4.3402
8.1322
5.7944
4.9320
4.1859
9.6070
6.8189

4.1596
5.4459
5.9342
5.9383
3.8692
3.8787
10.3749

2.4933
5.8526
7.9756
4.7467
6.9978
7.4575
2.5196
3.9048

9.4127
6.3177
5.7924
11.5913
6.1321
2.6111
5.1335
4.1770

6.1066
1.6556
2.8047
1.4463
9.5989
0.7072
5.0458
2.8298

5.5369
2.9589
7.2582
1.2326
1.8283
2.4014
5.0212
2.7385
3.1758

2.2510
3.1387
5.3461
8.7711
2.7001
4.2144
6.8131
14.3239

6.9729
21.1003
4.9582
3.1409
2.9377
6.3726
3.7334
2.3620
0.6180
2.2224

7.9732
7.7863
2.7437
5.2227
3.3445
2.8837
2.2614
6.5282
3.2486

0.6774
7.8576
4.7514
6.0380
5.9008
1.9898
2.0910
4.3609
5.9245

6.6829
4.7325
3.9650
7.4570
2.0953
5.8125
5.1934
2.9243

4.3116
2.3603
3.0247
8.6810
6.2158
5.3357
4.7061

3.5905
4.0359
7.3015
1.6166
2.6504
4.1402
2.6732
5.3176
4.5344

1.5566
5.2440
4.6790
7.1767
10.3718
1.4417
1.5514
4.0314
10.5874

1.9155
6.1112
2.8007
3.6619
6.4846
1.8760
5.2883

5.3176
0.8466
5.8756
1.8821
8.8265
7.6439
4.5746
6.4022

3.0538
1.7564
3.9644
0.5000
7.6157
1.7738

6.3906
1.0453
3.9293
4.5335
3.3094

4.2446
2.7160
3.3371
9.8294
8.3836
4.6053
1.1389
2.1368
3.6491

3.9848
7.9059
4.2184
1.6306
1.4793
4.1782
4.7690
2.0909

4.8487
5.6244
3.6602
5.2723
2.9967
3.6605
8.0289
2.6931
6.3648

4.2738
6.5415
1.8758
6.8964
5.5051
3.5239
6.9382

0.7150
1.6891
0.6429
1.3387
9.5333
4.3391

2.2105
6.3705
2.2153
1.8797

3.4744
4.3371
4.2963
7.6968
6.9442

4.8392
3.8491
6.2899
2.7716
3.3660
5.6410

6.2153
1.2892
1.7832

6.6977
6.0096
3.8245
4.8505
6.1020

3.6067
7.5995
3.5999
3.5290
4.0413

3.8836
4.3356
4.9118
10.6176
4.0214
7.0711
6.7831

2.9355
6.8045
3.5295
2.4696
9.6668
1.5696

3.5158
7.2428
6.4061
1.1080
3.2543
4.0764
5.6634
2.4289

3.3624
2.5814
3.3749
5.9676
4.4815
1.5038
11.0363

5.2470
5.4644
2.7419
5.6490
2.0315
5.9909
3.2520
5.5588

3.5299
3.6389
3.0146
3.6529
3.4543
3.5678
6.7578

8.5419
2.6834
1.0961
4.8334
0.3662
4.0809
1.4358

4.6965
3.0679
4.6197
3.5342
2.1590
1.0444
0.1895

7.5094
2.3306
3.7896
4.2414
3.2805
6.9763
4.7563

6.0641
6.2369
1.8894
2.5996
2.2292
5.4312

9.7855
6.5713
3.0804
3.0948
4.1518

4.6731
6.9764
2.8731
7.9732
8.5468

9.8060
4.2427
4.5547
2.4432
8.8404
3.3407

4.3543
1.5888
6.2243
6.0824
2.1531

5.4720
5.8961
5.6548
7.8633

9.2647
4.3980
2.7985
5.3652
4.1231

3.2577
2.3939
6.3246
3.9062
3.2343
0.5786

5.4109
3.2585
5.9631
1.6324
9.3467
2.3388
6.8496

6.7822
2.4026
1.1562
2.8271
4.4610
4.7160
5.8302
7.9083

3.5975
3.8121
5.0579
2.4486
3.7006
2.8882
2.8809
5.0727
0.8769
5.8410
8.3504

9.8159
4.6667
2.7911
5.3707
4.9866
5.6641
4.4826
7.0029
3.3536
6.5248
5.5098

4.3315
8.3624
8.1063
7.0728
3.7690
4.9584
3.9505
4.4582
8.8260
4.6162
4.8340

5.8632
3.0473
7.3075
5.5026
0.5693
1.3017
4.8283
1.5152
5.6579
7.1355
6.5000

4.5741
4.1738
0.4820
2.5000
4.6118
9.1180
2.0198
4.1174

2.7940
5.9426
1.0181
6.9516
20.6083
4.2153
4.0082
4.6088

2.1953
3.5424
3.8278
2.7373
0.9352
2.0771
6.5227
2.7945

2.2859
4.8850
6.5947
8.6338
2.0303
1.5560
9.7062
1.9690
4.2468

9.2693
3.0178
8.9611
2.7857
6.9923
3.9935
5.0675

2.5904
1.5765
4.1414
6.7488
5.3255
5.8179
9.0698
2.2752

12.2212
4.0117
1.8690
2.6116
5.2305
3.5208
16.3273
9.2701
2.3106

4.5616
8.6477
2.1641
9.6445
1.8994
3.9683
5.2916

2.5325
3.3534
8.1952
0.8769

6.2532
3.7972
5.5381
4.6830

6.5403
7.1969
6.9264
2.0816
7.1660

4.2284
7.0067
1.7218
1.6380
5.6971
8.3252
4.6236
6.2810

3.0415
1.0093
0.9280
8.3496
1.4851

3.0699
5.1695
10.3484
8.5052
7.5182
5.1367
5.7207

4.8789
5.4580
1.9639
2.5912
3.0488
6.3398
3.1660
1.3398
4.7695

3.6229
7.5890
0.2752
10.6668
0.8405
3.6943
4.4018
6.6253

1.1446
2.8461
3.1473
4.3943
4.1319
4.6015

8.7985
2.0854
3.4054
3.7124
3.6344
7.6176

8.1253
2.9412
9.0966
4.6609
3.8849

6.2579
4.0864
5.0249
1.1091
10.6500

4.1436
3.7623
5.0764
4.4266
6.0572
2.9789

2.6940
4.7875
1.1763
5.3939
5.1086
2.1554
2.1657

3.7043
7.2452
4.3314
8.7534

7.3333
5.1345
2.0613
6.2756
9.5086

2.5059
4.4648
1.2019
7.2374
3.2366

1.5959
0.8745
2.0495

1.9732
7.7507
2.2092

1.3293
5.0785
9.6273
3.6098

2.8488
1.4792
5.3027

6.2314
4.4632
5.4104

1.9806
3.6074
2.8065
1.6373

4.0212
3.0976
4.8032
4.2854
4.5526
2.7834

6.7675
8.1804
7.4233
1.6878
9.1037
1.2759
8.5283

4.2623
4.4214
1.6426
8.7378
4.1138
3.1623
10.7228
4.6660

8.9013
4.9419
4.0293
3.0709
3.8511
7.5444
4.0722
3.3155

11.1192
12.2093
11.4398
0.9954
5.3178
0.4745

11.0025
4.3957
0.7293
0.0970

2.8879
0.7165
3.3019
6.1356

4.9241
3.2214

4.7364
9.0301

3.7998
2.0962
8.1326

3.1117
1.9778
0.4732
2.4885

3.0917
5.8780
3.7754
5.2884

5.7944
4.3719
7.3222
4.5493

2.6545
2.5603
11.9613
9.9985
5.0761
5.6413

3.4154
6.0358
6.2896
3.3932
7.3829

5.3251
6.5678
5.9283
1.3055

7.1400
2.9453
5.1130
4.7398
4.4165
8.4822

3.5615
3.4158
5.9820
1.8234
6.0072

4.4820
2.8550
7.1299

4.6612
8.4689
5.0806

3.9768
2.1859
0.4979
7.3942

2.4702
0.4850
4.2264

6.7397
2.0801

4.9434
4.2159
9.2699

3.9670
3.6105
5.6487
7.2370

6.3305
5.1437

3.1438
6.5765

2.8950

2.9273

8.2576
4.7073
3.6143
4.8838

6.8874
4.6361
0.5702
3.9051

